3,0
2,5
2,4
2,3
2,2
2,1
2,0
1,3
1,2
1,1
1,0
0,540
0,536
0,459
0,458
0,457
0,456
0,455
0,454
0,453
0,452
0,451
0,450
0,449
0,448
0,447
0,446
0,445
0,444
0,443
0,442
0,441
0,440
0,439
0,438
0,437
0,436
0,435
0,434
0,433
0,432
0,431
0,430
0,429
0,428
0,427
0,426
0,425
0,424
0,423
0,422
0,421
0,420
0,419
0,418
0,417
0,416
0,415
0,414
0,413
0,412
0,411
0,410
0,409
0,408
0,407
0,406
0,405
0,404
0,403
0,402
0,401
0,400
0,399
0,398
0,397
0,396
0,395
0,394
0,393
0,392
0,391
0,390
0,389
0,388
0,387
0,386
0,385
0,384
0,382
0,377
0,374
0,365
0,356
0,355
0,349
0,345
0,343
0,337
0,336
0,329
0,328
0,326
0,325
0,322
0,317
0,312
0,243
85,98
85,5
85,81
85,1
85,99
85,4
85,3
0,567
85,0
0,9
0,310
0,305
0,308
0,304
0,303
0,302
0,307
0,12
0,565
0,10
0,8
0,0
0,324
0,300
0,323
0,299
0,321
0,298
0,575
0,297
0,574
0,296
0,295
0,573
0,294
0,535
0,293
0,566
0,292
0,564
0,291
0,563
0,290
0,562
0,289
0,561
0,288
0,518
0,287
0,533
0,286
0,558
0,285
0,569
0,284
0,334
0,283
0,559
0,282
0,320
0,281
0,514
0,280
0,519
0,279
3,1
3,2
3,4
3,5
4,0
4,1
4,3
5,1
5,2
6,0
6,1
6,3
7,0
7,1
7,3
7,4
8,1
8,2
8,4
9,1
9,2
10,0
10,1
10,3
11,1
11,2
12,0
12,1
12,3
12,4
13,1
13,3
14,0
14,2
14,3
15,1
15,3
16,0
16,2
16,3
17,1
17,2
18,0
18,2
18,3
19,1
19,2
20,0
20,2
20,3
21,0
21,1
21,3
22,1
22,2
23,0
23,1
23,3
23,4
24,1
24,3
26,0
26,2
26,3
27,0
27,2
27,3
28,0
28,1
28,3
28,4
28,6
28,8
28,9
28,11
28,12
28,14
28,16
28,17
28,19
28,20
28,22
28,23
28,25
28,27
28,28
28,30
28,31
28,33
28,35
28,64
28,66
28,67
28,69
28,71
28,72
28,74
28,75
28,77
28,78
28,80
28,82
28,83
28,85
28,86
28,88
28,90
28,91
28,93
28,94
28,96
28,97
28,99
28,101
28,102
28,104
28,105
28,107
28,109
28,110
28,112
28,113
28,115
28,116
28,118
28,120
28,121
28,123
28,124
28,126
28,128
28,129
28,131
28,132
28,134
28,135
28,137
28,139
28,140
28,142
28,143
28,145
28,147
28,148
28,150
28,151
28,153
28,155
28,156
28,158
28,159
28,161
28,162
28,164
28,166
28,167
28,169
28,170
28,172
28,174
28,175
28,177
28,178
28,180
28,181
28,183
28,185
28,186
28,188
28,189
28,191
28,193
28,194
28,196
28,197
28,199
28,200
28,202
28,204
28,205
28,207
28,208
28,210
28,212
28,213
28,215
28,216
28,218
28,220
28,221
28,223
28,224
28,226
28,227
28,229
28,231
28,232
28,234
28,235
28,237
28,239
28,240
28,242
28,243
28,245
28,246
28,248
28,250
28,251
28,253
28,254
28,256
28,258
28,259
28,261
28,262
28,264
28,265
28,267
28,269
28,270
28,272
28,273
28,275
28,277
28,278
28,280
28,281
28,283
28,284
28,286
28,288
28,289
28,291
28,292
28,294
28,296
28,297
28,299
28,300
28,302
28,304
28,305
28,307
28,308
28,310
28,311
28,313
28,315
28,316
28,318
28,319
28,321
28,323
28,324
28,326
28,327
28,329
28,330
28,332
28,334
28,335
28,337
28,338
28,340
28,342
47,0
47,1
58,0
58,5
58,1
59,3
58,4
54,0
54,1
73,0
73,1
72,3
72,1
75,3
75,1
55,3
70,0
70,3
65,0
65,3
64,0
64,3
60,0
60,1
66,0
66,1
28,343
28,345
28,347
28,348
28,350
28,351
28,353
28,354
28,356
28,358
28,359
28,361
28,362
28,364
28,366
28,367
28,369
28,370
28,372
28,373
28,375
28,377
28,378
28,380
28,381
28,383
28,382
28,379
28,376
28,374
28,371
28,368
28,365
28,363
28,360
28,357
28,355
28,352
28,349
28,346
28,344
66,3
60,3
64,1
65,1
70,1
55,1
55,0
75,0
72,0
73,3
54,3
59,1
59,0
58,3
47,3
28,341
28,339
28,336
28,333
28,331
28,328
28,325
28,322
28,320
28,317
28,314
28,312
28,309
28,306
28,303
28,301
28,298
28,295
28,293
28,290
28,287
28,285
28,282
28,279
28,276
28,274
28,271
28,268
28,266
28,263
28,260
28,257
28,255
28,252
28,249
28,247
28,244
28,241
28,238
28,236
28,233
28,230
28,228
28,225
28,222
28,219
28,217
28,214
28,211
28,209
28,206
28,203
28,201
28,198
28,195
28,192
28,190
28,187
28,184
28,182
28,179
28,176
28,173
28,171
28,168
28,165
28,163
28,160
28,157
28,154
28,152
28,149
28,146
28,144
28,141
28,138
28,136
28,133
28,130
28,127
28,125
28,122
28,119
28,117
28,114
28,111
28,108
28,106
28,103
28,100
28,98
28,95
28,92
28,89
28,87
28,84
28,81
28,79
28,76
28,73
28,70
28,68
28,65
28,34
28,32
28,29
28,26
28,24
28,21
28,18
28,15
28,13
28,10
28,7
28,5
28,2
27,4
27,1
26,4
26,1
24,2
24,0
23,2
22,3
22,0
21,2
20,4
20,1
19,3
19,0
18,1
17,3
17,0
16,1
15,2
15,0
14,1
13,2
13,0
12,2
11,3
11,0
10,2
9,3
9,0
8,3
8,0
7,2
6,4
6,2
5,3
5,0
4,2
3,6
3,3
0,375
0,278
0,373
0,277
0,522
0,276
0,549
0,275
0,274
0,546
0,273
0,545
0,272
0,544
0,271
0,543
0,270
0,542
0,269
0,516
0,268
0,267
0,539
0,266
0,513
0,265
0,571
0,264
0,517
0,263
0,538
0,262
0,556
0,261
0,570
0,260
0,560
0,259
0,330
0,258
0,557
0,257
0,369
0,256
0,554
0,255
0,552
0,254
0,319
0,253
0,553
0,252
0,550
0,251
0,530
0,250
0,529
0,249
0,379
0,248
0,532
0,247
0,372
0,246
0,352
0,245
0,551
0,244
0,318
0,242
0,515
0,241
0,512
0,240
0,547
0,239
0,316
0,238
0,541
0,237
0,523
0,236
0,378
0,235
0,234
0,347
0,233
0,315
0,232
0,231
0,371
0,230
0,370
0,229
0,311
0,228
0,368
0,227
0,572
0,226
0,309
0,225
0,366
0,224
0,223
0,341
0,222
0,555
0,221
0,362
0,220
0,361
0,219
0,360
0,218
0,359
0,217
0,358
0,216
0,357
0,215
0,537
0,214
0,213
0,534
0,212
0,528
0,211
0,354
0,210
0,313
0,209
0,353
0,208
0,526
0,207
0,306
0,206
0,351
0,205
0,350
0,204
0,348
0,203
0,301
0,202
0,346
0,201
0,527
0,200
0,521
0,199
0,344
0,198
0,525
0,197
0,342
0,196
0,383
0,195
0,340
0,194
0,339
0,193
0,338
0,192
0,520
0,63
0,62
0,335
0,61
0,381
0,60
0,333
0,59
0,332
0,58
0,363
0,57
0,376
0,56
0,331
0,55
0,367
0,54
0,53
0,52
0,364
0,51
0,380
0,50
0,327
0,49
0,48
0,47
0,314
0,46
0,531
0,45
0,524
0,6
0,5
0,1
0,11
0,4
0,2
0,3
0,7
